$ANSIBLE_VAULT;1.1;AES256
65666537396566623437346262346266626461313539383964346162393439653530643636303562
3863616430623439323036323963333036666361663138350a336535383635316634613563616464
64626164623835356332356266623235303139353030393063306331316238626262656565653962
6134396332376536380a306466633861366634633033323537633662656438373036643936643536
31656163336239306630343866373533653334653032393163353036356539343064623137653162
65383363343861623337346562666264633832343230633836386131353731306330643561616662
32346233313932333433663531663635316234396662656330646339353965333131353630653763
37316434376438356336396639356531636162653562663231613432356132633061393536333737
32626335386637313939613563613365656537383931643937373031616337396137383663353833
37633363656363613166373634336438326666356465663030616338303631646436313735346532
65663537613865333932653537353462636237386337663235343437376237396366636664383330
35373938626263633961336463343338323830356139313164363236636466663635353061666130
61643833303965316634313335366536663862396264366131373365663566356463613239383063
30613761343963646561666538356461386164336536386236633837663334663139313761663164
63373531633766636635613864306432363336386330383363363533383730653863373330653037
62363037616230306538363038663539313261656437353864613436303930663833363432376666
66643637383464656664666635643838646466366631306539383230393465363765653332663439
64353764306161626263396133616139653130333965343232316264663631643762356133636163
63343639373463363938366630663235313535623535333838303036663463616562663039613562
31613332643861326162336232303362333034323163333538613938363634656130376463656464
30373532343239663432363438303536326435316434373038313362386234393966663831326139
34313831663737653161626436323030306461343234626233616531653637613166353734363235
38356532353734626466303732326336383533316238653962396136333936316433313063333339
36623063346363393034303037653631333831643763666563373363643761306165383331643234
63326239633834653830386234356338646238643065326639393561653664306435633532333634
32636365386334613134613639313137636266656261633565666161623762633633663639383330
33323338653162383232613630376461323539353562383835363763306263343931363466346439
36393063303063633665636436643232663038383066386434643937393834663230623865646462
38623635393162663230613262653435303033646631336631626630306563353735303635663131
33646462373936633164626537306665346534333965616439323332353965376261633838353666
61613338666464346564616634313665313237656462373834373665326238663162653035626136
31313762323633633938353530383735373434313461393561376233633565326566333338613561
36633036373430656631656635383636313161383066313234633031336539616535633034366137
31646561653866366439653334633839336639363037306135303331373631643536383431323131
33653131363130653836373938323730633437613062346530393465636133623231363138306461
35326536376664646638363037313733373061396338663439353763373165353730643165303861
62393163313136633634333830333536653339356163663338623165386336653735663132393465
37373363373265626537373163323633306533316163333765363734353635643336363135393131
33383062343566636263336265373333666562653161303134353865643739613335343433343835
66303138623838613562313038346230393165353136303066373035313264373863396636613137
30363564343437613132653165333935333662616334356630656161643733646234366636306134
32343664393930313430336363613933346534303035363630613133383566343662336663303737
61363164656165313230646166353266326465393433653633373962643437343561633733373736
34386165613138316539376664323237383363613936393061376563303933306135383666656138
30626661366166363131316335666162353738313034623266393432653966616339653233343162
32663434653230633434373431663439323039626562363238393134643130616366393633323530
37306661396464343939633563323735343562663233323539663863656439633166616263386336
38326364353064303038643933626362633737653563636133643962373532363565323633633835
34393462653766333737623839633663306462326363353135653161353036343738343364643162
65376334643631653838636264383364626234346532613836376136656130336362623063613635
65353935366432623930633565626636613434633232363563656231633836336464633430626462
33616535376361313735393965633566323266636364663438633637346266343866343035326531
62393130326563333262353634386565313766663138366565386331323334336536643533643033
30626261353862636535653632396133646330386633666663613033643139373931393637373463
65383464653662353131323562373361653662633262306561356634386462376136353463666434
64303133623633316532336564616661356134653564313139653563633165333233616666363065
36633264616163663737633031383363393836333533333333373739666130646335376439343638
32636335643261383636393730643061396535306330323064323562363238646164373532626635
633465313531363661303466653733363232
